1140630870
1140630871
1140630872
1140630873
1140630874
1140630875
1140630876
1140630877
1140630878
1140631017
1140631018
1140631019
1140631020
1140631021
1140631022
1140631023
1140631027
1140631028
1140631029
1140631030
1140631031
1140631032
1140631033
1140631065
1140631066
1140631067
1140631068
1140631069
1140631070
1140631071
1140631072
1140631073
1140631074
1140631075
1140631085
1140631086
1140631087
1140634493
1140634494
1140634495
1140634496
1140634497
1140634498
1140634499
1140634500
1140634501
1140634502
1140634503
1140634504
1140634505
1140641629
1140641630
1140641631
1140631807
1140631808
1140631809
1140631810
1140631811
1140631813
1140631814
1140631815
1140631816
1140631824
1140631825
1140631826
1140631827
1140631828
1140631829
1140631834
1140631835
1140631836
1140631837
1140631838
1140631839
1140631840
1140631841
1140631842
1140631843
1140631844
1140631845
1140631846
1140631847
1140631848
1140619145
1140619146
1140619153
1140626170
1140626171
1140626172
1140626173
1140635970
1140635971
1140635972
1140635973
1140635974
1140631849
1140631850
1140631851
1140631852
1140631853
1140631854
1140631855
1140631856
1140631857
1140631858
1140631861
1140631862
1140631863
1140631864
1140631865
1140631866
1140631867
1140631868
1140631869
1140631870
1140631872
1140631873
1140631874
1140631876
1140631877
1140631878
1140631879
1140631880
1140631882
1140631883
1140631884
1140631885
1140631886
1140631887
1140631888
1140631891
1140631967
1140631968
1140631989
1140631990
1140631991
1140666042
1140666043
1140666044
1140659971
1140660038
1140660039
1140660040
1140660054
1140660055